allMarks=[24,44,36;
    42,57,68;
    66,53,69;
    85,40,86;
    25,47,25;
    79,72,82];
    
    
    mechMarks=[36,76,73,72,28,91];
    
    allMarks=[allMarks, mechMarks']
    
    
    